3.034e+2 4.947e-1
3.122e+2 2.800e-1
3.206e+2 2.876e-1
3.290e+2 2.486e-1
3.374e+2 3.688e-1
3.459e+2 3.666e-1
3.543e+2 3.731e-1
3.627e+2 3.699e-1
3.711e+2 3.731e-1
3.795e+2 3.082e-1
3.879e+2 3.264e-1
3.946e+2 3.905e-1
3.944e+2 3.018e+0
3.956e+2 4.549e+0
3.966e+2 6.530e+0
3.973e+2 8.889e+0
3.981e+2 1.115e+1
3.990e+2 1.562e+1
3.991e+2 1.353e+1
3.999e+2 1.830e+1
4.012e+2 2.238e+1
4.008e+2 2.061e+1
4.016e+2 2.611e+1
4.007e+2 2.443e+1
4.016e+2 2.988e+1
4.019e+2 3.215e+1
4.037e+2 3.702e+1
4.050e+2 4.128e+1
4.035e+2 3.944e+1
4.058e+2 4.475e+1
4.042e+2 4.312e+1
4.055e+2 4.773e+1
4.050e+2 4.624e+1
4.074e+2 5.089e+1
4.058e+2 4.993e+1
4.071e+2 5.470e+1
4.089e+2 5.305e+1
4.091e+2 5.689e+1
4.089e+2 5.945e+1
4.112e+2 6.125e+1
4.118e+2 6.333e+1
4.126e+2 6.550e+1
4.137e+2 6.808e+1
4.140e+2 7.046e+1
4.155e+2 7.221e+1
4.174e+2 7.421e+1
4.201e+2 7.589e+1
4.244e+2 7.762e+1
4.312e+2 7.880e+1
4.397e+2 7.940e+1
4.482e+2 7.968e+1
4.565e+2 7.967e+1
4.649e+2 7.991e+1
4.736e+2 8.014e+1
4.819e+2 8.027e+1
4.901e+2 8.018e+1
4.984e+2 8.029e+1
5.069e+2 8.046e+1
5.159e+2 8.045e+1
5.245e+2 8.033e+1
5.335e+2 8.058e+1
5.415e+2 8.054e+1
5.505e+2 8.058e+1
5.588e+2 8.056e+1
5.666e+2 8.055e+1
5.760e+2 8.068e+1
5.841e+2 8.072e+1
5.925e+2 8.083e+1
6.008e+2 8.096e+1
6.086e+2 8.102e+1
6.188e+2 8.119e+1
6.269e+2 8.130e+1
6.349e+2 8.140e+1
6.453e+2 8.124e+1
6.534e+2 8.132e+1
6.613e+2 8.134e+1
6.705e+2 8.141e+1
6.789e+2 8.137e+1
6.873e+2 8.142e+1
6.957e+2 8.141e+1
7.050e+2 8.150e+1
7.120e+2 8.138e+1
7.210e+2 8.142e+1
7.291e+2 8.150e+1
7.378e+2 8.161e+1
7.464e+2 8.156e+1
7.561e+2 8.154e+1
7.646e+2 8.174e+1
7.730e+2 8.175e+1
7.814e+2 8.174e+1
7.898e+2 8.185e+1
7.983e+2 8.164e+1
4.016e+2 3.464e+1
4.009e+2 2.803e+1

